871000
1121937
3193828
1588997
835106
1327314
3333574
3578417
4514819
5758855
5777067
5111368
7658899
6725579
5322157
8053981
5804290
10269647
7876715
9136283
10529051
5831252
10207236
10099711
9826141
9892563
12569578
17474273
12869503
15878616
18791654
15594475
14483484
10923020
17766092
20915251
15830790
17027807
17105796
20335860
16597323
18387155
14999058
21190295
16439391
21664430
19633684
24944832
17545649
24959744
25374676
24830907
22249334
26219737
21535935
26815872
25036755
26357784
23370359
29033977
22677309
31096177
31808444
28393262
31951783
21671672
30694527
26832872
40130766
29705774
32708024
27948847
29739370
28077439
28917140
28845923
45555937
26982296
39541713
33595851
35888871
32564751
33697197
29519106
44719885
39787313
35560804
39843880
41320466
39980149
36031278
35697169
36077848
39472126
36715923
39201552
35375117
36781447
48058098
51064499
