1804289383
3722
56172
61089
92804
100669
124626
172621
223055
230270

31756
35554
199133
265456
302593
385336
424915
528156
556314
646246

139321
211425
223741
277023
323585
415760
510380
527482
588824
602817

219493
225281
259806
289682
347794
394445
495443
519139
556715
635897

202026
234654
261367
367761
394422
534841
546167
592396
620396
620958

323264
340018
378098
395263
442176
447945
472868
487209
519184
550167

280550
382224
418814
428482
432725
435458
476834
564638
594557
600377

523526
534550
614600
672224
700061
731762
780263
824192
838251
869131

313911
334197
375819
391988
598467
761236
824218
825002
879552
895174

506016
511601
545211
554224
565013
620833
623916
632792
658704
721336

381566
502768
505302
517765
539381
542770
568861
583737
583856
584649

672426
702278
750925
919612
957969
1134482
1195172
1202522
1229116
1237811

423967
428708
451718
472852
578552
642579
662820
692939
750219
774011

355527
360974
389693
433393
551956
566192
576503
584171
592544
610193

828100
879361
887769
898688
913548
968562
988782
1045137
1070750
1076350

330384
353622
406232
417692
421661
433795
446514
472686
480152
482718

466530
492417
547648
564336
589239
627619
648531
761537
834021
840457

501983
585049
619161
629876
818276
821262
849121
868870
876436
932992

803454
888433
923100
1007243
1064675
1068015
1152560
1165307
1169081
1221552

861488
876299
883849
907543
973524
1012796
1082312
1089412
1123864
1223393

1109170
1120510
1154439
1163460
1200674
1218769
1225386
1225400
1343306
1376344

813263
830486
830916
845531
859724
889029
941963
1060690
1093756
1187554

938649
983256
1013678
1017792
1043514
1056202
1075273
1212432
1276060
1316167

854113
955612
1002033
1052830
1069831
1074840
1078875
1116563
1132891
1225121

1150674
1150902
1193895
1317166
1318834
1331973
1360483
1378185
1395943
1405681

1809541
1836704
1876979
1890004
1901451
1917444
1939235
1940629
1983467
2011961

994499
1002052
1019229
1056955
1154235
1210727
1211658
1268276
1271544
1283173

1248366
1276232
1288238
1401456
1436442
1545572
1564273
1581547
1584718
1595888

1678132
1825594
1877566
1923244
1942788
1961189
2064026
2071356
2083736
2086502

1304680
1319153
1360512
1412107
1431944
1565230
1627534
1672637
1706100
1710640

1061503
1143565
1159116
1207064
1219623
1234589
1263228
1286527
1315474
1383128

1241213
1363510
1384087
1453431
1455454
1588231
1626713
1668124
1686872
1737737

1336541
1420582
1426236
1489484
1491756
1543498
1566207
1669399
1796957
1811672

1066437
1112264
1122887
1147869
1191484
1229679
1278187
1310789
1374101
1393415

1474336
1482268
1484892
1538731
1543739
1595785
1598751
1628968
1650266
1740480

1560403
1635393
1685973
1828358
1848327
1862444
1869341
1959809
2056301
2106542

1614963
1657709
1685072
1711431
1861634
1866597
1971415
2005474
2022167
2039030

1478999
1511162
1562503
1598179
1599789
1620096
1825595
1869857
1894171
1958782

1780390
1817912
1828943
1835889
1849834
1921410
1923405
1928127
2045521
2130897

1421225
1454965
1517560
1579122
1586519
1625488
1628616
1634456
1648997
1681756

2592550
2599109
2642952
2654747
2665352
2800612
2818307
2850143
2873559
2916531

1710664
1830041
1835711
1839828
1845543
1919031
2071818
2119132
2137344
2152199

2061016
2103408
2159559
2174614
2183516
2194621
2217380
2251210
2348710
2360954

1529845
1570317
1668350
1682772
1699169
1704597
1712219
1745064
1745524
1756580

2013660
2074924
2079620
2109238
2111903
2112715
2123448
2183155
2231479
2331730

1884287
1894084
1949712
1953550
2028229
2133702
2199503
2245599
2293215
2299698

2246174
2274486
2305161
2418986
2440615
2499116
2520786
2574501
2659129
2740578

1940860
2036803
2058210
2141362
2215229
2317324
2327031
2351709
2373140
2377697

2800726
2828580
2854470
2890743
2908026
2922325
2969660
2971690
2986250
3028078

2362439
2468107
2514970
2550401
2679341
2687993
2690146
2746614
2770494
2807231

1857295
1899794
1925082
1953462
2025947
2087891
2111873
2185732
2233841
2250237

2182803
2183044
2197914
2295679
2318624
2365913
2380468
2406391
2434529
2443803

2017322
2038425
2039634
2044958
2068281
2071151
2122039
2143669
2193118
2246482

3196508
3198363
3209164
3211906
3247138
3253747
3254659
3271893
3302220
3333577

2338954
2406483
2406980
2409443
2500254
2505546
2551511
2572430
2591928
2610459

2387145
2437097
2471311
2475765
2530181
2546332
2622570
2713244
2716879
2760647

2931806
3005228
3119398
3209672
3215691
3297442
3310535
3382015
3411330
3426213

2506663
2562793
2567150
2573362
2597186
2628290
2725189
2788978
2795651
2821506

2524184
2541052
2552798
2594994
2622947
2650315
2663612
2670821
2740521
2763797

2115262
2162180
2297344
2304765
2314710
2340370
2346574
2425772
2432586
2495766

2460695
2668106
2732563
2741079
2764393
2831138
2852319
2866739
2903449
3040503

2411723
2475176
2478049
2482448
2498471
2508294
2531153
2565142
2641657
2697976

2643529
2669019
2745410
2777122
2792696
2820907
2948270
2969149
2978540
3143339

3023040
3089552
3095068
3194439
3211797
3234202
3252796
3259947
3308699
3309127

2973375
2983140
3001992
3047487
3092105
3143363
3425234
3457281
3484825
3502655

2796584
2812835
2813787
2833396
2850702
2920983
2941788
3002846
3060176
3094716

2609996
2610035
2612297
2649442
2704871
2831485
2943519
2945917
2985277
2998297

3073145
3085499
3129853
3135586
3182230
3214215
3244999
3250896
3258424
3298445

3293713
3307396
3368454
3378367
3482788
3552813
3607799
3609024
3729915
3753026

2842010
2857134
2863686
2863889
2866958
2917051
2989800
3023115
3034193
3065640

2441074
2457412
2517452
2541598
2542606
2586971
2648157
2653252
2671054
2677504

3391040
3508955
3552522
3579532
3616501
3717718
3815342
3876878
3914068
3924451

2731427
2857333
2877401
2897703
3062346
3133634
3151329
3182831
3243896
3288408

3019391
3042606
3047208
3131442
3133648
3192838
3213006
3226460
3284133
3288340

2597614
2699378
2705233
2729443
2761636
2772140
2892663
2918684
2928550
2985275

2876044
3024661
3097728
3126005
3173128
3273317
3319654
3358376
3393060
3399629

3542560
3612078
3639144
3670976
3690147
3752191
3783287
3921629
3991436
4000190

3219042
3223074
3343401
3382269
3394963
3447272
3472672
3480747
3486797
3493452

3326550
3388580
3429351
3455497
3472212
3555254
3555790
3690041
3766875
3812080

3495188
3520044
3520131
3670191
3719899
3745930
3782133
3803584
3818572
3836823

3049818
3097636
3233585
3262237
3345327
3345680
3347642
3382663
3466748
3524810

2929202
2945120
2982689
3029718
3068666
3115925
3148407
3255493
3279540
3314431

2906360
2937055
2944939
3025237
3103207
3132091
3169797
3184436
3252522
3282448

3933540
3941945
3947081
4017036
4110559
4165452
4201115
4235724
4241749
4287251

2995794
3031560
3056863
3060730
3063169
3098355
3326681
3407901
3433751
3451039

3375535
3400606
3404078
3566730
3569147
3586036
3619556
3641337
3740658
3798920

3459668
3475814
3590876
3591490
3595250
3604852
3622448
3672654
3682605
3740292

3648402
3689454
3766604
3811556
3839440
3881118
3887969
3918855
4047132
4083072

3514488
3539975
3543640
3592265
3629398
3810047
3840627
3846347
4008067
4066642

3987621
4082456
4123727
4156066
4229996
4236378
4298132
4320697
4375014
4394066

3512832
3538225
3589208
3646471
3673930
3762737
3771382
3782185
3824272
3932488

3959685
3965038
3997960
4067825
4130939
4187226
4265792
4319696
4328331
4499834

4026161
4052846
4076126
4099362
4224226
4232069
4251653
4327912
4353677
4362952

3418667
3426415
3553346
3587694
3611706
3728943
3753453
3758039
3772323
3809195

4275362
4283416
4353209
4388505
4397816
4485709
4496061
4508781
4550828
4623101

4285965
4304532
4355638
4357842
4360992
4377799
4451428
4530486
4587489
4616000

3603767
3646975
3712335
3798356
3816425
3822481
3842408
3997548
4024353
4033750

4002247
4033453
4059740
4099654
4162718
4216619
4223080
4227130
4256592
4270070

4889069
4935394
4969296
4970069
4987646
5044819
5063416
5070349
5115105
5146618

4186706
4217040
4277589
4334178
4362674
4387518
4392052
4460110
4466108
4494929

4107959
4144118
4157163
4167670
4423477
4461776
4471704
4473404
4489584
4507223

4147091
4183480
4322917
4349804
4434347
4455943
4462709
4484803
4522399
4621251

5272877
5311513
5315102
5332771
5340015
5341146
5400887
5428169
5440877
5519380

5457069
5485892
5512354
5522692
5533188
5552098
5557117
5604279
5613014
5638165

5274098
5320544
5339913
5404825
5426983
5473154
5566629
5602467
5640118
5700153

4114282
4132021
4138647
4173066
4267363
4274107
4394841
4505583
4507616
4574754

4036764
4047957
4057437
4088433
4127701
4213064
4242245
4282081
4298603
4319442

5057678
5090899
5093557
5137823
5452685
5483137
5584584
5585582
5636513
5689023

4366090
4388545
4482908
4760594
4781975
4827086
4854938
4922273
4928047
4928379

5046207
5112747
5152316
5214036
5224404
5244785
5287352
5307271
5365651
5368313

5185839
5256924
5260199
5304211
5337910
5414148
5484778
5487541
5535766
5564592

5391461
5406797
5433158
5482795
5526400
5542728
5586299
5699865
5770274
5774557

4679200
4712946
4722982
4781223
4804669
4846309
4876694
4904422
4944582
4990956

4406005
4406765
4523601
4529623
4538321
4547076
4557663
4559451
4588508
4599675

4634641
4658748
4679112
4769822
4815331
4990412
5027558
5093019
5096104
5104815

4648898
4658179
4713524
4786228
4801620
4909372
4910626
4951766
4956190
4975992

4964349
4969690
4994459
5059162
5135680
5140059
5191923
5327452
5349657
5354298

4690537
4701702
4777449
4790834
4862905
4876151
4897749
4914120
4933801
4934915

4772666
4781495
4986950
5050438
5134223
5205746
5232240
5264392
5282254
5314621

5051813
5135840
5171208
5552378
5577881
5649239
5669910
5700747
5768227
5777886

5968919
5994823
6064830
6066165
6084472
6098631
6136996
6181522
6216392
6220188

4318855
4327023
4334716
4361913
4370498
4419055
4467704
4550388
4691987
4699574

5079682
5104920
5115544
5225164
5240593
5250476
5272344
5384186
5388674
5392930

5031577
5053851
5085331
5179212
5231482
5250725
5262282
5273205
5335925
5336679

4728223
4782345
4807004
4897381
4917176
4944578
4947109
5018961
5030388
5074643

6225862
6241540
6249101
6351770
6421142
6490548
6545691
6577213
6605728
6704086

4921679
4982610
4987096
5068886
5070846
5100617
5139270
5187441
5209882
5256428

5401632
5460208
5468148
5592985
5604470
5663973
5710079
5742849
5776446
5804071

5395824
5423056
5469654
5488762
5496017
5518730
5551381
5594916
5646016
5677743

5434915
5454355
5457838
5467928
5538778
5616377
5652856
5700016
5714356
5791803

5170070
5170726
5289111
5304532
5316383
5335373
5336890
5338525
5373596
5532170

5286720
5301629
5313233
5346811
5452677
5563791
5657661
5660632
5713765
5812329

6453383
6492137
6498213
6508130
6557707
6689556
6824380
6906114
7039927
7063867

5964425
6016986
6097913
6133247
6221314
6303873
6316319
6318473
6378725
6394489

6209692
6218813
6225053
6353576
6355391
6397826
6411885
6438881
6490481
6634168

5889666
5899735
5913101
5961675
5971676
6132767
6299956
6302745
6311267
6405593

5585280
5666522
5720231
5726446
5739944
5824249
5828351
5876113
5961362
5974847

5349358
5409280
5521279
5577440
5630373
5679330
5704520
5867927
5940744
5973401

6192936
6324282
6350878
6526052
6549192
6680515
6803998
6931757
6932100
6987538

6304338
6304971
6337405
6381737
6391109
6464389
6505585
6513438
6668578
6752179

5575488
5599240
5634506
5641457
5675442
5682005
5742580
5757987
5787199
5806603

6438401
6438556
6445041
6574562
6661692
6692801
6791297
6800576
6841769
6915804

5908170
5954515
6077161
6112759
6257593
6273408
6314663
6400151
6431420
6442953

6729000
6751809
6857117
6867524
6928622
6942653
6994886
7088259
7173344
7203759

6038021
6111445
6224176
6287723
6292476
6301701
6391851
6437267
6453053
6454163

6268405
6274131
6364293
6387058
6391838
6479474
6525957
6563922
6573206
6662818

5621918
5624109
5689634
5692165
5715606
5737689
5858421
5897269
5898653
5941453

6097489
6138279
6143527
6158773
6188957
6197834
6204870
6250212
6279048
6299770

5944616
5979926
6153243
6181447
6181890
6277589
6279926
6284801
6358976
6394810

6194411
6221016
6267060
6277264
6315018
6358146
6401748
6498242
6557238
6557815

5810674
5866790
5909534
5945768
5966033
5987230
6018511
6022053
6051519
6125181

6520125
6538189
6724783
6725498
6827690
6842358
6847064
6880705
6925970
7024909

6622163
6652938
6688731
6738409
6742487
6806321
6830537
6901778
6987901
7021755

6157085
6215303
6293291
6321381
6410838
6442740
6525529
6577465
6626091
6642834

7028664
7077232
7086361
7170049
7173342
7209751
7228664
7313105
7384695
7408189

7010621
7154818
7161822
7236393
7285343
7328486
7341659
7358921
7442811
7481799

6722095
6749919
6802675
6887764
6912594
6926281
7073634
7074029
7112684
7157533

6693839
6780311
6789253
6883018
6884180
6887652
6905406
6958453
6964142
7028738

6032812
6038449
6060985
6214748
6280905
6334941
6351205
6384720
6399504
6416042

7264292
7268502
7397785
7431930
7437693
7441883
7461919
7480546
7483091
7587922

6844406
6860373
6901410
6926019
6948161
7010246
7063618
7109889
7129621
7177350

7610363
7672392
7682958
7731588
7740209
7774291
7852148
7858579
7890511
7901127

6454537
6506109
6550706
6589519
6598635
6617751
6744528
6791467
6821570
6847333

7511671
7562786
7589371
7595631
7613426
7748349
7748493
7751932
7778212
7803144

7644805
7733333
7734207
7766382
7787799
7853629
7858638
7888724
7939531
8016422

6700849
6718647
6762882
6766167
6777472
6867933
6900993
6979505
6987057
7155131

6293846
6304718
6339777
6350988
6436554
6521904
6530521
6548952
6549454
6551672

6502309
6552295
6619488
6649871
6667338
6700675
6782696
6788243
6962338
6965875

6895612
6925845
6978211
7038390
7078494
7134454
7178840
7209438
7238075
7278146

7318110
7331064
7420428
7436506
7469248
7471733
7494775
7503740
7505763
7511674

6934136
7200959
7285607
7296009
7458477
7459211
7464413
7473079
7489230
7532317

7009827
7058775
7088258
7114497
7185009
7230075
7416075
7503126
7511926
7666862

7401645
7440187
7442938
7503920
7543039
7657283
7689066
7711830
7718556
7748567

7749157
7789122
7831281
7875306
7890320
7899429
7948791
7999124
7999866
8031490

7567305
7611088
7679502
7681117
7697322
7712071
7783720
7784261
7802327
7840246

7486149
7494386
7636234
7674809
7697389
7752449
7819900
7850613
7975647
8004549

7372760
7389101
7398118
7403217
7446329
7499705
7507027
7528346
7534330
7617672

7635339
7644586
7797903
7820755
7900818
7922933
7937687
7948624
8001667
8013475

7285539
7346349
7370732
7383126
7437996
7462397
7520691
7540906
7555093
7574263

7455603
7578288
7585681
7595472
7627507
7631339
7633795
7666956
7813814
7820908

8249441
8276044
8370992
8405982
8411041
8512002
8650035
8654764
8700139
8729438

8020187
8063195
8098606
8192945
8287174
8331934
8357304
8407633
8477758
8521121

7320518
7383741
7390703
7435544
7482541
7503621
7657691
7665147
7748928
7809494

8359124
8392696
8429963
8505214
8565134
8742753
8892627
8893685
8918739
8918925

8051584
8192665
8243948
8337018
8352295
8368135
8470355
8492424
8692928
8696522

8011177
8018487
8103017
8205553
8206801
8223862
8250122
8280342
8369282
8488657

6714972
6715496
6775830
6784167
6784525
6846078
6969659
7052638
7063523
7169686

7169553
7229989
7373868
7420118
7443322
7482017
7501938
7537789
7543116
7549138

8431587
8442119
8452242
8517930
8528302
8552099
8590652
8632872
8657549
8674512

8232132
8239868
8283685
8319375
8334223
8343533
8562121
8590851
8607693
8632573

8618115
8622827
8670901
8722506
8764591
8823582
8858741
8883818
8893311
8906937

8675482
8749711
8761826
8824494
8891073
8933596
8987835
9033164
9046403
9102536

7941123
7960085
7987075
7992261
8001108
8012438
8072670
8076169
8119165
8178266

8473082
8502788
8543133
8576398
8676237
8694184
8808015
8939855
9014591
9082525

8861332
8875754
8914902
8923919
9020594
9160718
9167182
9211506
9254856
9346212

8281654
8313565
8342612
8353150
8368533
8440593
8452090
8486026
8486293
8552861

7302782
7307750
7375551
7389119
7454103
7469748
7520740
7619760
7691503
7691658

7522040
7546373
7570513
7600983
7616349
7626626
7712684
7791959
7820428
7831642

8755675
8806516
8874879
8974046
9110674
9158655
9174123
9178151
9214188
9328865

9384031
9490774
9497870
9502050
9539772
9545756
9556570
9607938
9626195
9673753

7981774
8006890
8136995
8173981
8178510
8234091
8261327
8273431
8307923
8349977

10218456
10268120
10427704
10445030
10478630
10518840
10526094
10608936
10642846
10753313

9923050
9982077
10019493
10060590
10085820
10167325
10315731
10322171
10370067
10505928

8321097
8479182
8522934
8608192
8612585
8614576
8692679
8707061
8723946
8770038

9071309
9155605
9164222
9185713
9251533
9267215
9282199
9312312
9370921
9394541

8158622
8180268
8184214
8231813
8279362
8289731
8295943
8335910
8345980
8346614

9332033
9357606
9388180
9459573
9477389
9490861
9582234
9586559
9645344
9725242

8262440
8265557
8274097
8361193
8426878
8457696
8508775
8537421
8568279
8586785

8419244
8436130
8448648
8487551
8516360
8525810
8545237
8586855
8588488
8589645

10974803
11199738
11215839
11283670
11306565
11306667
11306674
11323401
11423309
11454402

10344316
10353630
10374407
10422334
10424674
10446660
10476902
10560061
10587897
10595469

9021524
9139316
9241506
9289752
9295655
9339492
9379592
9420049
9420514
9439480

8532021
8596817
8679025
8723308
8730796
8737666
8806425
8819494
8883091
8930815

8272007
8331496
8356368
8404907
8474407
8526670
8590117
8633313
8656655
8688979

8726033
8736067
8749260
8778102
8810665
8839755
8970618
8971123
8976658
8989931

8914211
8920396
8984003
9120632
9194775
9295146
9476696
9546293
9628409
9803998

10245373
10253621
10306179
10408890
10425530
10467146
10484874
10491065
10520377
10526292

10726082
10750396
10814833
10857673
10890769
10957325
10959556
10991670
11020753
11035803

8971696
9084887
9130105
9153962
9404570
9407364
9480249
9484482
9519688
9661605

8811080
8825450
8832274
8846926
8914441
8922440
8986247
8995323
9019452
9043252

9167271
9240335
9315809
9371706
9389481
9418716
9438061
9548808
9560704
9595913

10363801
10368091
10372890
10401107
10408465
10425680
10471299
10542602
10555637
10562941

9066766
9079028
9083728
9096957
9099388
9208317
9258574
9278193
9312139
9317381

8996921
9072638
9085603
9115922
9117980
9118654
9153701
9168423
9193280
9215355

9816291
9826797
9828532
9875970
9977882
9992560
10068355
10232155
10239588
10254249

9378175
9379924
9383257
9448113
9488735
9563082
9589937
9638678
9653260
9673784

9965239
10002266
10031180
10130966
10217053
10301157
10301539
10384047
10421768
10526120

10182925
10218088
10247723
10265930
10298848
10394704
10448831
10472581
10607164
10615470

9010762
9047539
9135717
9189131
9206724
9252152
9318081
9376844
9428124
9429522

9502794
9524363
9616582
9736290
9795824
9858945
9911946
10028399
10071069
10101952

10392392
10469254
10547796
10556060
10579197
10591567
10769167
10808171
10854284
10858600

10949542
10949772
10988093
11021010
11034543
11077867
11121017
11141863
11145694
11149723

10451842
10527696
10537067
10654362
10799136
10804466
10812216
10887675
10917771
10959301

9912778
10315474
10352670
10379705
10496495
10605172
10653293
10709512
10774764
10826205

9932903
9969899
10116875
10122592
10144066
10168660
10207133
10272689
10398474
10422703

9434392
9466859
9471251
9549415
9565322
9616717
9638707
9776036
9842091
9926298

10598672
10738966
10761107
10775389
10776372
10852424
10879954
10966320
11005397
11052785

10429754
10516809
10587041
10598404
10787864
10872139
10888460
10894071
10965098
10974401

9491675
9643218
9716857
9827386
9865245
9903676
9904511
9938737
10081479
10093435

10629318
10650011
10661926
10665867
10722320
10820599
10829659
10861054
10898893
10920125

11022201
11102022
11109936
11122521
11155812
11208524
11226604
11244980
11272545
11272940

10411557
10450510
10479243
10553463
10565959
10576419
10723599
10946052
11035529
11038159

10047780
10070137
10119401
10123546
10139026
10141107
10287806
10342198
10367060
10386183

10747152
10806874
10814502
10875832
10942160
10953940
10995459
11032849
11053098
11062325

10490322
10561937
10660117
10735845
10855233
10883849
10904574
10936115
10960305
11023160

9780290
9797014
9802227
9809246
9842389
9866436
10008689
10078974
10082315
10120042

9370633
9427457
9442588
9509570
9529369
9560238
9628463
9658660
9700221
9746175

9689782
9789983
9823344
9851979
9860248
9879836
9898924
9945620
9949484
9959119

10877531
10986378
10990577
11090023
11091521
11173980
11187519
11268093
11287203
11477658

11301400
11332683
11332804
11346407
11403666
11440537
11491584
11495343
11526265
11568535

10976097
11012580
11088693
11098886
11115341
11120897
11184893
11216561
11240312
11439088

10080146
10133889
10183133
10226782
10293660
10326866
10396156
10418745
10420714
10452055

11295351
11295563
11315064
11430071
11468408
11563741
11591167
11604969
11701661
11729333

10694723
10777527
10779506
10784439
10810085
10838469
10849622
10857066
10860164
10927354

10237382
10335213
10412543
10443359
10457044
10514061
10539265
10575651
10603748
10607092

11177384
11184497
11304266
11331663
11350537
11409470
11416998
11442990
11500934
11532054

12406016
12409747
12415360
12453653
12472239
12521344
12671959
12712003
12719584
12784272

10932720
10936646
10976542
10978654
10996575
11080443
11154937
11180417
11216575
11379442

10875168
10914081
10970463
11056087
11093808
11152874
11218967
11237947
11248245
11315239

10917064
10924220
10930892
10937222
10953283
10999501
11106709
11114634
11163967
11168022

10881359
10972228
11000808
11061823
11068675
11094232
11121901
11138564
11235189
11275676

11191424
11378839
11386242
11399438
11464189
11508262
11513243
11611964
11614656
11764433

11725923
11890055
12112597
12168282
12184572
12267013
12282391
12317862
12318731
12330992

12505792
12540324
12551152
12613807
12630964
12636214
12643099
12694576
12771168
12782048

11816607
11847063
11867299
11896171
12021776
12023450
12036461
12058101
12077098
12113372

10859696
10913941
10973005
10991458
11012025
11018944
11051620
11078435
11081564
11120868

12329960
12371288
12457236
12517968
12554081
12571696
12618972
12625276
12669064
12676761

11439851
11472618
11506980
11545965
11551114
11637967
11711563
11777882
11779121
11780962

10923809
10968460
11024707
11063190
11068278
11093609
11136631
11138530
11139013
11163924

10807942
10837676
10850523
10912951
10976719
10978766
10995537
10995928
11095296
11136121

12115266
12157364
12246721
12277392
12428629
12460898
12516102
12530096
12537264
12617840

11399022
11612894
11712747
11743194
11785732
11920785
11932367
12035761
12138518
12184560

11949887
11998283
12007727
12140422
12140654
12207705
12260596
12288526
12294975
12298815

12959458
12979896
13054097
13088531
13184000
13199804
13210692
13212284
13225584
13283373

11003879
11004612
11166631
11316086
11424933
11470811
11503840
11527622
11535501
11547183

11061118
11144220
11151011
11227540
11324542
11343920
11348189
11354069
11433329
11447390

11525309
11573822
11607201
11628807
11638054
11639787
11665267
11681244
11684260
11687433

11409913
11531256
11640961
11659240
11712289
11741683
11751779
11799093
11829287
11869087

13869383
13870045
13886778
13903805
13926171
13992136
14022832
14057045
14069033
14104262

11262200
11266313
11328321
11360218
11459863
11535650
11541534
11546483
11552686
11614131

12412317
12440523
12497278
12605907
12626893
12628789
12677098
12794487
12827449
12831732

11812269
11812436
11833728
11851575
11876211
11935562
11959216
11976521
12054213
12086100

12881211
12894448
12906891
13024704
13036371
13045811
13122725
13142221
13216654
13223301

12025767
12045711
12089865
12138064
12147490
12155922
12329427
12330480
12331688
12336379

12988061
13173781
13174637
13211475
13215858
13216101
13217316
13226321
13247369
13299848

12131186
12205158
12216979
12221772
12335051
12339080
12379488
12401522
12402848
12422771

11949480
12035494
12073439
12077567
12207035
12249799
12291291
12373252
12486958
12531044

12804567
12814532
12874506
12927811
12984906
13067056
13108417
13115211
13123655
13171210

11997669
12039966
12068196
12070562
12087398
12113078
12166905
12198103
12230406
12294204

12226422
12270615
12363351
12420959
12440846
12549014
12564807
12567097
12619203
12695821

12545413
12652522
12658908
12739444
12755859
12769680
12782383
12784623
12793165
12813000

11799317
11799541
11830506
11866553
11869788
11878837
11910058
12020630
12039868
12188706

12993721
12996476
13128111
13158188
13239481
13263841
13319947
13325059
13402447
13424927

13608716
13745400
13797852
13853862
13877765
13904241
14039072
14078335
14104009
14111880

12508654
12543503
12597313
12660370
12669700
12684772
12731690
12763049
12842631
12844268

12804873
12805121
12873390
12882853
12954417
12957351
13000019
13041153
13048241
13116784

11968086
11986960
12178881
12221447
12225941
12317269
12350332
12354620
12395210
12443807

13011392
13021957
13103443
13149003
13157647
13228882
13395949
13484209
13528307
13539905

12376218
12383679
12399826
12430646
12431864
12556391
12595482
12752268
12805633
12838147

13111103
13124196
13150179
13217440
13236696
13398588
13412912
13435119
13510317
13554667

12804365
12814454
12851268
12868790
12881401
12884622
12902590
12922534
13018232
13077552

12790389
12810229
12813041
12816361
12891857
12903369
12908371
12917897
13121120
13235839

14038538
14046535
14054327
14088527
14106457
14137868
14145579
14152983
14156543
14181769

13644474
13657054
13716858
13739925
13757130
13768021
13802093
13828195
13883173
13895268

13547541
13592451
13600251
13626407
13637526
13643630
13667822
13668395
13685085
13685131

13075857
13158658
13410357
13426485
13436150
13466308
13493309
13500392
13537809
13599944

13532259
13532974
13561151
13602187
13621533
13677405
13731124
13743212
13772728
13914185

12724923
12786247
12820904
12885584
12896740
12928530
13025671
13029098
13121263
13144574

12680107
12692852
12709124
12726735
12754802
12807764
12809957
12831303
12853022
12879666

13651014
13681991
13694983
13718003
13766251
13795792
13820131
13832910
13923489
13954625

12768165
12771689
12801202
12882119
12897151
12924082
12924214
12951185
12958043
12980989

13765631
13783559
13808829
13820579
13914880
14006764
14041829
14062194
14081647
14136198

12441399
12494304
12525590
12566989
12567531
12573181
12574019
12578279
12633911
12777282

13369589
13421221
13428958
13480733
13546554
13637600
13684499
13684813
13695794
13698482

14219562
14260543
14274989
14318222
14338891
14385124
14557494
14573093
14574157
14643605

14120174
14137811
14209901
14315414
14359787
14390073
14431302
14518329
14536369
14549384

13764662
13866357
14091431
14115295
14134897
14254959
14260635
14277078
14309623
14384246

13680031
13690290
13708157
13769035
14086099
14163030
14167253
14185658
14212893
14229012

14768691
14786087
14786211
14862380
14867432
14887573
14899526
14965817
14976010
14986820

13349859
13414889
13583061
13682615
13706757
13997097
14083579
14085590
14198419
14276547

13249109
13346431
13357695
13398841
13427208
13532427
13585784
13665440
13688144
13692921

14100453
14124298
14193547
14199775
14207656
14238082
14268469
14269720
14337411
14382081

13055415
13077227
13168888
13177388
13214320
13339891
13346189
13360826
13384617
13413326

14999250
15023124
15183512
15249006
15274950
15336947
15352341
15367260
15384747
15387579

15698356
15809922
15843126
15869606
15909334
15941475
15959310
15983695
16058123
16075208

14182816
14197571
14398604
14419619
14449283
14511000
14529838
14674648
14679803
14700346

15146021
15172184
15189395
15241297
15255096
15263789
15310843
15331522
15353763
15376622

14755684
14796604
14804367
14837393
14888724
14896846
14963324
15019038
15039976
15080471

14736216
14755009
14822093
14850448
14941859
14962574
14980094
14993377
15006672
15020885

13264591
13281016
13318421
13329518
13361474
13373167
13427620
13568897
13609474
13624226

15413123
15468017
15489570
15553403
15646438
15677945
15741409
15840367
16019856
16104455

15299881
15319316
15532416
15548685
15651693
15666132
15671116
15697736
15808511
15859134

12997591
13022663
13025506
13170622
13217001
13267914
13274990
13319353
13348108
13355803

14462351
14503034
14531022
14572342
14589039
14625344
14671229
14691816
14753329
14802365

14578341
14641792
14719661
14719962
14774748
14839269
14856531
14865564
14871274
14959620

14004738
14033282
14044306
14069633
14102966
14153291
14192245
14212994
14331296
14349284

13806274
13817563
13862847
13919581
14011506
14043596
14140749
14215444
14261401
14366959

14645966
14705289
14712259
14791704
14800748
14841428
14859632
14866727
14878915
14914433

13061967
13063402
13083396
13089731
13132601
13193424
13241064
13256257
13340606
13395222

14338189
14348214
14405176
14421377
14446201
14459885
14486465
14565364
14622365
14647957

14263417
14337655
14355878
14390804
14400159
14509385
14560122
14562022
14563959
14572885

14628818
14755310
14805458
14817054
14824303
14855925
14913448
14915483
15027739
15062244

16533809
16541196
16717490
16840678
16864511
16907242
17015561
17037098
17050978
17059533

15550605
15556842
15641708
15647411
15770984
15776824
15803637
15831423
15874389
15891722

14734105
14737154
14855421
14856752
14874670
14887867
14895669
14917279
15004144
15017868

15887719
15906319
16010223
16019954
16020502
16114751
16247887
16271169
16279932
16301246

15493622
15495664
15532366
15570994
15599694
15656380
15669767
15703278
15714141
15724870

14873035
14893441
14924250
14938536
14955181
14976628
15036986
15061785
15159381
15236552

14718438
14764181
14899095
14901435
14912632
14971554
15045080
15069014
15085270
15165475

14672749
14706338
14715107
14746571
14793010
14850818
14889458
15012825
15038360
15072429

15237706
15270682
15343756
15412051
15415775
15437607
15445141
15506563
15575652
15592282

14413165
14432293
14442857
14464653
14539843
14570716
14593557
14604242
14621119
14697961

15993170
16070295
16073567
16103537
16113603
16162121
16176535
16184599
16220730
16314914

14393121
14488776
14616752
14626894
14689733
14804625
14829450
14936039
14983263
14986879

13135454
13232142
13269595
13316222
13323297
13339271
13365627
13416376
13447129
13622895

16272459
16280541
16319520
16326587
16330894
16407258
16412044
16444309
16470799
16502940

13478518
13494313
13573317
13588980
13618738
13694793
13697932
13936258
13989912
13998484

14738124
14760467
14763264
14803431
14821990
14866894
14876516
14898577
14929050
15012204

15360375
15482421
15540791
15560773
15630401
15647213
15659859
15670452
15731400
15848617

15247615
15276819
15287102
15331876
15338924
15347282
15367612
15389483
15403962
15444394

15998589
16007289
16132487
16133684
16161713
16177234
16259117
16275984
16280082
16284316

15471672
15493846
15502114
15528743
15574187
15637940
15684221
15688193
15717712
15835448

15731883
15757112
15887055
15900828
15934645
15940876
15942104
15962026
15973646
15982739

17056738
17061263
17149089
17181733
17225294
17389761
17391651
17459046
17473532
17541180

15318600
15322929
15368073
15387548
15388258
15394148
15450555
15496870
15665919
15705808

14900666
14936556
14954777
15000095
15156516
15198951
15226484
15228622
15235955
15258732

15613858
15615886
15705381
15726431
15752234
15771378
15785165
15808343
15821020
15823188

15502126
15512661
15539813
15590900
15595019
15610154
15633650
15636122
15696260
15750790

16278594
16281964
16307757
16354094
16367128
16402031
16413688
16421097
16433180
16433702

15875904
15927003
16033507
16034042
16034653
16041643
16087861
16102212
16126736
16135842

15491913
15549276
15554179
15586734
15616121
15623628
15627916
15667952
15708484
15725090

15945965
15991023
15991044
16002455
16013293
16040877
16052780
16101970
16102041
16197071

18125424
18130454
18191013
18284764
18307012
18314607
18360189
18407273
18416661
18553561

17557002
17660743
17767390
17820874
17869307
17873599
17937966
17970152
18115926
18128426

17039261
17089060
17193005
17203535
17210052
17238774
17241966
17257951
17265177
17312413

16830924
16889556
16903551
16908121
16920066
16923374
16925483
16939657
16944861
16947405

15274976
15276101
15287084
15324032
15327155
15358931
15380639
15390729
15416235
15472376

17256896
17297323
17411704
17436572
17568850
17625042
17694759
17729306
17793148
17824085

16845585
16858173
16861148
16865619
16993855
17179829
17260805
17263111
17282385
17338430

15634465
15640847
15714685
15715588
15787021
15824321
15851684
15913731
15943801
15947419

15928458
15941806
15951953
16045084
16077208
16163066
16281840
16653685
16683155
16696251

17630517
17640305
17840318
17881066
17911448
17971385
17975980
18004107
18063355
18073929

16360647
16363767
16405897
16482338
16521362
16590736
16643048
16697530
16707412
16858212

15898439
15911271
15913643
15988354
16010335
16036643
16041635
16103648
16144121
16171317

17469990
17486994
17561484
17588849
17674362
17694315
17729035
17752361
17762396
17803623

15286247
15294224
15295504
15304001
15318059
15372713
15378613
15517754
15573054
15597096

16377858
16456477
16460413
16500503
16595053
16605115
16610230
16655971
16734554
16734924

17015261
17051914
17091049
17106304
17142106
17194708
17203132
17257457
17310717
17345383

15567612
15606339
15722156
15750931
15842455
15911150
16050008
16088446
16102322
16123585

15563222
15584331
15593025
15652015
15678712
15724247
15775423
15953388
16032681
16045040

15984242
15986405
16104644
16151195
16172146
16204821
16207063
16208239
16223435
16243682

15212758
15258085
15268887
15274992
15307205
15321627
15355220
15379498
15381931
15397980

17321995
17331155
17391523
17428854
17439938
17445132
17502232
17528320
17562794
17571337

16085501
16101336
16178233
16198153
16205990
16281462
16312631
16367613
16384222
16386751

17133067
17152147
17152548
17159909
17173215
17187131
17316891
17325010
17342360
17449897

17431880
17437229
17440056
17442724
17442918
17444233
17495439
17586434
17610860
17793049

18807406
18823626
18838670
19030792
19043446
19126269
19200076
19204536
19270515
19276469

17417471
17511727
17572991
17606559
17640051
17657964
17781109
17793060
17870903
17889746

17022292
17071733
17096421
17144203
17149467
17179224
17211175
17234674
17277659
17345680

16246718
16316879
16368843
16370082
16395203
16397021
16441572
16539773
16619086
16673580

16913546
16915954
16948230
16956746
17062797
17098013
17106602
17449909
17508632
17552723

18038601
18068486
18094885
18205461
18281400
18438922
18449403
18468665
18585969
18645581

16968166
17030152
17038033
17039963
17130816
17189631
17216292
17226527
17244781
17413454

17652259
17674276
17676746
17678488
17716817
17878786
17918424
17941828
17953802
18036735

16362989
16438057
16442155
16515865
16607352
16630055
16690395
16696443
16748712
16790239

18268593
18358832
18385501
18393203
18427423
18462640
18501253
18510397
18513439
18564570

15558789
15595934
15719839
15754880
15941202
16003186
16010735
16016949
16067521
16124011

18059534
18240504
18249429
18253922
18256862
18280031
18304024
18306122
18377067
18425411

17158574
17203356
17207123
17216968
17272608
17345956
17384828
17392446
17397424
17438796

16595159
16658247
16763542
16855098
16920673
16925001
16928136
16941642
16980272
17001747

16347803
16427693
16510929
16528198
16546226
16574809
16596867
16635884
16669399
16746472

17843342
17846486
17964323
17966634
17971757
17998769
18003552
18012140
18054805
18073542

18513978
18522396
18541025
18706322
18772230
18776591
18890865
18958924
18973556
19014724

18753479
18754278
18789301
18835975
18841656
18862277
18968354
18975052
19008095
19008305

16495433
16532284
16576718
16610459
16611981
16666038
16735123
16750412
16769011
16795756

18175506
18186112
18210128
18218418
18219625
18264417
18334550
18341079
18367703
18390828

17049559
17172183
17232771
17382439
17421261
17470848
17476721
17576863
17644727
17705836

16204676
16255550
16294913
16383351
16391876
16435935
16481178
16507772
16516345
16578268

17097395
17129613
17255585
17286273
17354580
17374954
17480898
17555201
17560149
17574257

17430791
17441807
17522116
17535080
17538038
17562987
17613085
17647615
17680282
17733907

17466557
17468848
17469756
17473841
17516227
17526772
17552390
17654217
17681704
17699866

19063261
19128276
19138247
19145477
19204042
19285887
19318141
19350426
19387847
19388629

18068793
18071288
18085020
18105502
18151567
18234791
18411031
18447546
18503900
18523813

19274415
19311654
19451763
19461914
19466897
19490396
19531688
19584221
19625383
19831025

19049359
19135719
19174468
19174889
19249590
19267798
19311937
19332391
19354958
19388814

17552530
17588147
17602535
17652558
17669383
17694741
17696807
17764119
17802449
17816686

18888290
18904223
18916018
18950459
18953102
18990149
19038421
19045354
19087560
19089962

19455632
19462222
19594104
19653855
19669242
19676344
19727220
19765564
19771630
19798200

18390786
18483097
18499106
18518609
18539305
18543679
18710608
18739982
18785138
18829782

18478737
18654073
18655289
18686725
18707847
18969145
19001157
19049901
19064128
19199427

17460427
17496556
17521055
17522858
17555224
17556258
17607253
17615607
17653067
17653510

16692977
16711824
16893423
16900473
16944167
17110435
17181614
17219094
17236243
17261437

21006234
21023425
21070088
21082166
21169399
21202042
21252433
21254286
21282050
21294064

18254456
18268784
18276325
18334385
18340566
18381865
18381983
18405810
18458298
18461765

18405989
18445398
18474888
18501916
18578349
18593191
18684629
18738870
18833196
18887862

17037446
17044561
17045040
17067359
17071860
17089066
17129068
17159800
17168284
17227715

19174933
19333903
19359081
19389036
19446126
19516011
19517662
19535193
19567908
19580617

19097513
19188738
19251126
19279192
19349035
19492289
19562814
19722219
19757078
19760804

18721424
18731023
18798331
18846415
18856335
18913212
18919562
18961559
18976170
19022825

19280158
19351462
19448379
19451672
19559712
19597835
19814565
19855966
19859382
19902560

19422364
19458776
19565441
19603668
19657936
19658579
19759623
19835408
19876843
19938244

18003266
18118203
18129744
18252593
18270477
18303164
18385781
18449039
18461161
18469635

18835534
18884622
18898959
19155706
19166631
19285504
19294900
19299749
19442688
19499593

17401725
17404480
17439054
17469373
17516405
17556169
17631137
17652055
17692728
17697384

18673390
18712497
18723822
18756964
18759405
18833826
18855578
18864618
18866880
18889441

20188051
20288705
20305773
20318615
20336879
20425205
20438430
20547739
20554173
20572357

20140344
20156843
20212469
20222969
20251828
20254996
20269160
20400075
20438376
20473717

19820252
19836837
19843289
19864535
19874032
19926482
19944188
20013882
20148201
20202396

19357151
19399281
19406427
19492543
19494272
19498158
19546120
19574586
19583353
19591980

19331355
19352564
19459290
19517503
19520285
19535734
19548448
19577161
19579199
19648153

18439451
18474695
18492669
18495256
18501586
18518860
18579716
18728837
18803857
18835473

19524154
19548073
19613767
19624167
19630719
19704467
19742982
19760153
19816688
19945167

19569514
19620245
19625343
19663771
19757487
19823488
19875574
19886359
19890546
20027936

19225185
19242506
19313620
19322206
19378527
19429368
19450344
19588195
19634234
19644322

19547734
19559232
19580839
19585329
19607876
19683571
19715389
19718477
19843589
19988027

19486385
19493287
19496204
19573083
19584134
19710804
19730814
19788961
19800808
19925670

19605234
19658136
19711291
19749638
19761694
19771934
19838586
19859970
19942500
19963773

20607089
20612968
20684335
20688848
20717170
20732464
20763421
20802452
20831287
20883870

19119223
19144306
19176965
19182800
19218700
19294636
19322485
19348490
19375782
19424453

20130288
20178338
20213599
20225432
20324594
20333354
20354322
20366117
20393650
20394075

19907201
19942172
20023647
20072393
20116931
20144932
20181554
20190728
20244755
20280849

19609906
19636784
19755336
19775868
19828784
20083136
20131196
20142418
20194070
20259773

20651525
20691026
20720934
20729440
20808340
20830312
20893226
20918339
20952778
21011568

19262963
19323827
19329872
19372292
19388156
19403677
19466779
19479339
19494617
19548286

19938869
19964693
20001479
20027094
20083704
20139882
20245142
20288657
20330404
20401789

20531480
20570067
20570631
20607697
20629836
20672419
20773231
20778116
20783761
20910158

20519607
20527756
20533310
20622373
20709564
20717421
20730784
20732519
20813377
20848280

19521148
19521763
19543819
19595493
19626208
19692311
19712902
19714482
19772026
19849180

19718117
19750625
19760792
19805071
19941381
19988023
19990459
19998765
20001365
20009185

22005242
22009793
22015602
22183024
22195580
22205503
22211414
22222079
22222341
22230235

20144061
20189187
20264732
20273462
20330943
20342877
20479089
20495848
20510807
20543017

20048319
20099760
20172911
20193187
20196840
20207683
20248985
20306807
20440098
20457140

19194797
19199107
19234829
19320571
19333111
19342695
19447699
19457444
19457891
19484499

20360180
20375758
20398254
20447301
20477513
20490760
20512767
20549933
20610271
20617549

20020417
20056951
20106782
20154034
20182527
20225640
20356208
20376427
20377992
20492364

20480094
20510517
20512423
20553692
20579848
20583491
20596494
20615734
20631060
20817000

18268968
18353140
18388192
18446044
18508678
18692815
18763513
18764304
18785194
18888272

19875057
19940800
19945325
19996893
20021330
20106248
20121167
20158479
20180805
20243560

21050042
21080613
21096726
21146417
21201436
21244327
21274180
21281502
21405850
21436392

22085655
22335734
22343714
22373385
22390877
22396936
22405278
22442037
22451153
22481959

22431608
22454654
22671585
22694580
22766518
22795679
22799101
22870952
22946181
23013353

20304525
20305803
20410551
20426890
20455298
20510488
20531381
20600084
20623544
20682805

19931765
19996178
20029546
20146786
20200380
20274455
20278801
20319685
20332702
20347197

21983328
22025533
22031244
22035308
22048530
22143983
22177769
22201787
22243586
22320869

21487281
21603137
21603498
21643208
21739832
21818590
21841278
21938528
21945101
22039448

19720164
19729283
19759685
19772996
19788378
19836303
19848188
19850315
19877600
19889357

21190049
21266544
21267871
21315110
21357120
21665077
21677635
21702124
21729618
21783459

21803372
21821676
21837598
21843443
21897441
21913628
21957456
21990868
22095935
22119022

20188964
20191288
20211703
20225932
20249423
20308857
20380853
20384367
20415995
20448701

20775112
20866905
20909920
20943390
20975204
20977042
21014494
21128066
21231603
21258421

22436625
22524505
22618328
22784136
22801092
22847716
22868454
22882235
22890244
22996143

21207904
21227349
21266221
21277227
21303005
21326014
21426955
21488941
21512161
21631485

19854094
19877309
19959862
19973916
20023929
20148256
20161742
20200015
20263391
20277830

19694871
19710346
19790392
19798268
19874067
19929691
19964744
19969262
20021950
20022879

21477648
21492003
21505240
21536586
21569588
21585302
21592184
21624167
21682548
21740522

21897671
21935174
21951937
21998671
22016008
22041172
22068546
22086162
22112957
22134366

20599741
20633517
20652420
20655857
20680525
20711319
20803049
20817106
20827682
20832639

20432857
20440555
20442473
20617859
20639791
20740545
20752135
20773840
20817631
20869312

23329335
23393448
23414040
23419161
23482588
23488864
23606015
23609903
23648865
23672705

21672321
21696146
21696785
21740437
21830792
21910666
21918901
21938390
22075712
22082056

21562081
21602777
21668007
21690691
21703994
21729882
21808221
21898851
21944467
21955318

21035515
21134723
21229967
21260710
21285118
21313796
21364906
21378524
21400357
21475000

22384321
22384598
22423052
22452748
22611343
22614570
22631323
22635309
22652183
22654493

21618248
21621565
21766821
21908730
21938927
22004687
22006710
22016221
22107919
22175946

22035805
22045687
22113669
22218033
22258605
22266425
22345542
22463275
22468570
22482302

20972986
21074850
21159605
21192053
21288213
21289728
21357254
21371735
21382866
21398383

19401744
19444090
19482677
19484576
19552859
19653716
19693957
19725117
19776626
19814707

21775287
21777606
21826173
21905376
21917370
21936885
22061712
22136796
22151011
22175233

21942319
21946499
21970723
21980094
21988263
22032745
22061400
22063886
22064960
22137291

21166188
21191709
21196447
21222718
21255410
21284933
21313439
21332509
21360105
21430864

21926537
21936336
21998527
22026836
22059353
22386612
22515664
22534381
22547852
22553105

23788860
23818081
23844386
23940676
24029135
24038781
24053056
24089877
24090933
24247312

21228386
21232371
21234859
21241749
21265599
21300300
21325500
21446210
21470909
21490265

23624504
23702197
23711665
23780400
23849904
23932711
23964195
24074627
24204667
24207069

20846533
20905229
20911817
20912502
20915378
20932816
20934867
20953985
20994187
21018538

21312331
21331119
21341331
21350741
21441178
21455426
21576361
21679146
21753326
21891662

20728470
20745780
20790512
20939977
21049050
21076036
21083096
21269556
21329879
21393273

22176104
22293676
22342329
22390717
22445738
22568397
22598386
22752081
22776843
22868862

23636261
23671676
23674274
23692492
23703812
23822136
23831464
23840203
23840330
23859051

21913871
21922949
21962433
22006460
22039850
22054246
22057799
22069794
22110105
22198299

21760168
21783462
21788725
21818673
21906040
21940955
21974278
22015329
22039232
22090051

22016609
22039351
22040317
22055882
22060535
22190508
22193415
22210906
22299611
22324314

23286510
23307155
23320988
23439461
23533241
23581153
23586042
23593329
23690476
23691311

23789829
23796476
23840312
23875604
23918360
23920755
23992045
24000516
24007589
24019417

22184335
22213075
22275004
22319095
22327006
22333396
22337577
22367092
22488509
22493771

23370033
23403578
23428177
23517375
23649636
23690643
23770561
23821051
23844806
23866096

20338568
20364796
20429032
20459142
20476436
20505819
20568435
20580465
20583652
20619142

24313068
24349778
24355076
24442027
24445135
24470063
24654030
24778539
24834295
24994198

21385200
21454725
21473553
21513780
21524388
21542522
21553584
21616784
21707228
21714416

22665088
22712766
22728753
22751407
22818724
22825861
22855918
22909137
22909712
22956324

21114036
21115149
21146316
21213139
21317953
21320562
21377335
21402124
21480297
21598419

23332765
23378386
23481309
23498820
23507327
23574913
23606933
23608790
23625042
23672672

22365910
22418154
22453520
22474906
22541004
22574700
22715569
22724948
22751819
22794927

22179588
22206608
22235283
22266678
22267042
22294311
22435269
22460397
22512044
22604428

22252145
22319374
22502769
22526946
22566028
22582950
22616753
22723644
22737766
22760632

23701244
23788735
23816860
23822432
23941235
23995917
24008150
24023260
24044043
24069351

23886811
23906458
23957164
23984316
24019076
24101345
24109336
24207803
24260959
24266828

22428136
22429412
22437000
22560778
22655276
22695383
22723266
22759666
22784324
22836639

23517354
23520722
23559713
23592246
23634307
23683661
23705149
23765253
23805311
23866993

24036720
24115097
24120655
24154102
24170505
24180484
24221868
24263569
24266233
24295853

25038672
25044525
25070139
25125522
25135961
25178880
25207095
25300831
25389810
25458829

24157359
24177787
24233598
24270485
24292616
24300940
24304051
24332038
24349370
24373471

24178464
24234857
24324255
24420661
24466053
24526566
24528933
24530313
24545268
24598797

21963606
21974401
21989843
21999343
22005260
22021226
22024296
22075663
22088441
22163914

25145540
25286007
25289819
25294944
25379233
25398333
25403575
25436693
25498916
25500391

23316344
23318643
23338365
23350491
23355118
23439641
23453078
23458238
23525278
23684013

22566858
22592471
22592908
22631507
22721553
22734029
22781535
22799445
22808716
22811156

22793947
22881677
22959680
22982452
22992503
23028173
23122856
23184134
23329194
23413327

23139763
23161981
23187776
23189749
23208412
23208450
23224007
23352401
23356991
23394273

24629819
24651946
24674986
24710615
24715908
24760438
24776274
24808124
24879395
24879829

22507255
22522252
22594225
22610928
22643346
22735133
22745479
22751510
22756698
22789375

22881377
22947236
22953369
22998455
23077279
23090094
23120903
23122979
23146074
23176654

25843809
25890718
25948491
25967473
26066383
26126387
26143170
26209491
26291164
26404018

24974557
24988140
24990319
25017358
25068479
25103492
25118421
25125507
25126941
25130653

25221885
25289956
25334743
25406750
25446182
25505493
25521188
25533276
25535418
25574820

21865866
21893980
21974714
22023613
22109646
22155268
22212759
22301328
22371082
22432040

22994581
23013368
23029988
23116726
23138700
23216408
23240628
23254226
23382370
23396308

24256895
24267475
24335817
24340217
24416885
24454179
24458137
24461943
24549384
24573209

23984158
24004041
24019656
24189220
24224234
24255558
24264154
24291998
24333288
24490935

23749745
23784791
23894600
23899191
23903207
23953056
24019488
24019501
24073904
24117190

26157767
26161096
26260445
26311631
26320196
26346878
26370315
26374977
26390533
26393829

25022889
25039107
25074674
25112214
25113521
25156283
25224816
25257200
25473233
25497797

22447381
22469336
22555438
22631131
22686026
22752282
22922461
23042676
23073807
23086441

23066386
23102460
23107653
23117784
23118086
23159744
23174060
23265185
23325924
23373628

23981148
24065680
24080565
24200992
24280695
24353744
24367165
24373641
24392119
24417568

24320275
24371592
24457931
24548179
24556562
24581318
24664089
24699376
24722903
24883133

23623003
23629769
23679199
23797875
23843257
23848187
24009259
24026784
24033657
24080826

25199310
25212836
25257685
25259050
25321948
25331492
25368317
25536084
25723507
25740002

24171198
24199393
24219202
24257103
24270464
24272256
24315401
24338858
24361515
24391279

25129369
25160953
25304704
25357918
25384936
25520960
25527041
25591333
25601900
25630639

24130877
24137211
24146523
24152910
24175755
24196606
24209436
24283809
24428961
24430090

26377508
26421554
26430912
26434748
26446692
26465936
26506724
26590562
26621596
26679230

24057571
24120985
24206444
24222777
24234490
24242774
24354346
24360932
24381592
24406322

25922035
26035123
26038740
26049812
26077333
26132764
26144149
26149272
26178220
26219359

24618500
24624169
24709194
24728218
24728380
24822808
24841828
24881661
24917724
24925541

23288410
23295573
23306354
23348281
23348744
23354902
23424964
23432211
23483817
23514035

26020218
26048868
26084140
26090026
26139543
26178553
26265078
26266427
26286740
26286899

25024955
25041289
25121242
25153875
25175651
25265917
25273908
25286125
25374947
25385604

25180556
25252462
25309395
25354098
25370120
25418402
25490275
25496494
25610769
25669801

25352654
25479838
25499006
25507346
25514341
25592793
25656864
25683662
25706918
25721648

25199994
25232506
25243962
25247212
25253478
25358374
25385271
25387487
25401875
25419690

25776164
25778975
25848896
25942167
25966307
26065487
26078735
26094959
26102240
26132972

26096197
26108649
26140237
26158108
26167077
26209022
26212826
26244744
26261512
26325055

26351040
26379503
26515906
26521620
26534523
26541382
26578062
26613003
26621617
26652287

24704009
24735410
24900116
25011023
25020092
25211378
25218794
25367441
25473652
25481717

26419776
26435068
26439722
26478476
26504076
26591834
26625440
26655763
26659185
26677758

23265954
23452225
23538570
23573257
23582098
23601775
23631736
23692622
23702136
23802058

28156203
28249004
28258171
28294220
28336309
28338279
28420515
28440489
28477308
28489881

25691641
25778410
25801070
25856562
25857609
25972916
26107386
26153704
26191582
26212876

24459888
24468685
24504496
24519286
24530048
24581417
24583095
24605514
24609878
24647101

24706242
24739892
24796371
24909564
24972384
25089056
25129771
25201980
25254834
25285165

25891091
26058853
26142127
26219926
26221273
26233433
26247402
26276193
26327953
26356017

27241898
27403792
27423502
27475677
27544846
27646603
27663030
27709556
27713000
27755392

26070097
26118057
26131252
26160289
26187320
26209231
26238913
26246348
26282366
26340912

26060832
26104792
26202351
26235550
26311892
26384814
26411959
26646444
26649486
26685432

25814490
25876638
25925791
26018222
26028564
26102485
26129187
26193319
26213327
26281018

25438594
25447500
25475269
25502295
25525813
25543510
25559284
25579356
25584431
25603003

26374720
26379844
26395278
26425819
26523655
26579565
26692529
26710446
26718062
26743447

24258866
24293458
24331146
24353205
24376706
24409940
24437705
24456757
24548148
24631852

25755830
25850900
25976530
26003386
26079576
26090028
26102204
26124718
26242883
26253986

26962788
27023555
27047941
27126700
27145460
27148883
27163304
27181247
27184639
27273390

28036667
28103501
28140570
28179976
28184031
28209316
28330397
28396036
28443511
28562267

25835873
25868087
25886211
25928674
26051901
26067970
26093024
26140913
26175139
26256613

26039429
26165529
26311975
26410574
26460492
26468290
26572742
26599215
26702338
26747410

25778004
25909717
25943050
26103380
26122213
26126865
26138157
26144759
26152898
26157802

24200285
24277978
24326057
24400205
24493128
24499608
24523267
24565558
24585130
24612822

25501567
25601060
25638901
25652977
25664820
25692866
25737705
25800006
25923264
25923583

26520215
26528390
26564257
26635816
26654733
26659321
26664848
26691774
26743460
26889444

27853905
27950160
28068899
28073606
28091465
28097920
28119365
28217257
28338878
28343078

27663021
27810170
27868584
27904385
27919465
27945015
27946689
27952312
27964735
27985581

27040714
27144994
27334403
27405858
27415011
27492516
27533643
27575519
27577771
27645308

27269206
27275723
27279799
27414297
27483183
27490155
27514946
27544418
27566156
27567064

25803865
25830933
25839886
25842516
25944337
25947275
26108984
26165444
26245420
26254083

26059996
26089769
26094189
26120543
26125985
26197784
26203160
26261205
26317896
26396163

26334287
26398851
26421712
26466069
26550076
26579451
26616431
26635645
26718241
26735093

25587340
25609995
25703525
25722672
25785712
25810344
25863556
25864743
25896668
25916245

26710806
26749755
26811739
26821678
26826585
27006644
27134543
27136540
27260275
27267932

26722787
26727933
26744718
26754026
26755987
26789484
26872570
26878848
27011189
27023235

26817053
26820457
26862230
26873879
26903881
26904435
26909016
26914080
26933727
26947637

27370009
27385361
27440885
27448269
27515994
27588159
27595401
27628174
27664028
27692850

28043731
28055181
28087022
28131673
28140969
28166832
28178710
28263511
28361378
28480451

26952877
27009870
27060904
27079005
27102874
27164369
27212132
27254171
27385608
27456464

26922457
26996353
27019728
27046241
27103058
27125795
27154126
27156222
27162921
27217306

27911411
27939573
28014243
28026413
28059137
28077950
28093168
28108394
28110782
28229359

26861748
26977515
27026939
27143242
27163020
27183682
27223155
27283463
27291039
27478629

24654983
24790431
24800183
24803635
24868818
24873237
24939158
24962732
25044718
25050135

29356802
29460627
29504437
29613232
29689468
29792994
29793088
29824014
29901668
29951519

26434479
26437915
26497672
26559137
26569775
26573383
26633612
26663219
26765810
26798246

27346244
27362479
27387077
27462682
27472243
27490659
27506375
27614886
27714764
27873846

27355137
27370985
27484304
27733495
27778235
27835909
27897532
27944090
27961969
27962359

28316773
28323612
28367240
28382178
28439232
28464330
28470478
28496185
28496640
28512730

27792803
27802309
27835649
27854035
27861357
27892153
27921188
27924684
27948040
27973236

27721280
27729594
27766285
27772875
27848342
27926451
27997817
28045139
28144740
28153159

27961331
27965043
27967628
27993840
28000185
28043557
28106905
28112456
28122075
28165761

28023433
28140436
28174293
28175827
28186000
28197508
28247112
28322359
28334550
28371825

27402039
27446879
27470160
27479212
27505446
27515568
27627315
27634293
27712399
27773972

26854423
26889441
26959095
27001593
27056565
27057149
27094038
27126567
27161449
27216419

28290607
28307271
28460455
28486350
28509053
28539676
28570287
28583718
28597206
28631959

28491540
28530005
28531819
28589580
28618711
28676928
28820850
28840036
28954041
28972808

27741627
27746025
27819592
27830236
27845208
27943209
28076854
28107510
28227407
28253476

28610991
28648088
28694218
28696644
28860144
28875111
29021787
29043120
29141135
29150295

26384797
26415859
26465842
26467584
26568213
26606292
26616714
26664495
26711494
26842889

28369965
28413163
28590707
28594119
28599177
28617049
28653993
28681770
28688935
28713205

30266918
30309174
30319558
30330391
30381005
30385357
30402833
30475944
30485036
30505645

26388179
26482811
26534933
26596968
26646271
26700822
26708495
26758083
26776478
26812287

27719494
27814168
27913563
27924000
27943753
27962120
28019882
28086458
28212368
28254438

29924880
29962763
29979588
29984847
30005572
30199351
30213680
30316256
30349993
30384288

27315115
27341102
27442752
27537644
27595502
27602030
27606720
27671280
27687725
27697432

28368199
28382086
28393013
28426939
28452449
28473757
28483760
28517916
28520969
28564857

29356497
29360617
29413592
29435629
29477347
29620472
29620543
29629344
29767560
29769600

27366255
27366735
27380587
27458252
27480126
27497553
27502101
27525948
27526979
27567770

27165724
27199556
27201343
27356107
27365264
27386193
27402075
27471052
27573871
27696766

27253994
27295407
27302313
27357548
27380441
27473614
27538228
27642481
27768590
27779768

29337043
29353317
29410578
29411157
29509183
29568960
29591924
29640124
29709222
29747130

27512303
27539066
27575276
27607434
27626698
27627234
27664173
27695466
27762175
27771515

29034261
29045838
29072039
29373912
29381164
29497519
29541648
29549672
29564391
29740293

27997403
28054424
28161333
28165978
28174521
28205877
28239316
28253791
28311366
28351880

26834206
26917268
27011305
27039349
27168803
27177174
27219777
27238275
27262857
27295686

26769940
26790991
26820491
26864548
26917562
26930175
26994253
27012822
27022779
27024448

29226124
29261897
29284714
29311774
29364871
29451741
29466211
29512381
29547773
29561556

27634277
27653385
27670352
27676422
27684341
27751733
27760250
27958674
28008477
28024922

27690671
27736324
27740453
27782046
27804776
27804869
27829978
27854625
27869428
27883734

28664697
28668938
28672281
28775572
28819302
28851302
28927231
28930651
28957710
29087302

28943382
28976628
29012051
29018162
29027206
29098441
29111714
29155792
29198983
29212811

29308585
29322008
29357439
29362288
29362622
29602871
29711445
29721161
29741189
29809459

29468265
29475988
29518683
29534880
29801808
29814945
29838793
29849991
29880027
29881171

27265263
27325755
27327193
27350765
27364663
27385583
27438524
27462747
27462949
27500589

28854746
28896804
28903424
28929529
29001094
29102894
29206441
29256862
29344574
29349469

27469762
27480639
27618305
27663830
27709645
27724336
27731523
27750690
27751618
27779830

28252979
28279171
28281801
28308233
28345721
28379989
28401312
28408764
28417319
28454569

29579878
29645034
29657774
29805979
29814633
29819727
29823345
29918178
29939080
30154882

28799479
28880745
28882028
28949602
28965474
28976160
28977609
28980000
29024527
29071290

29862051
29885530
29903641
29904296
29964946
29982432
30018457
30066320
30104274
30106080

29739494
29746644
29885011
29947623
29977134
29987088
30014990
30025617
30041935
30064081

28547690
28584820
28595900
28762612
28766772
28796412
28872253
29006780
29021787
29024313

31441961
31442813
31468013
31472205
31494510
31543564
31602080
31706828
31878587
31884481

31113894
31221330
31225925
31244809
31453947
31460347
31585772
31619705
31632260
31692167

26801677
26802935
26840902
26843411
26981323
27010615
27085792
27087726
27138731
27189973

29835439
29853712
29884218
29892784
29936816
29946415
29990255
30088696
30129748
30141314

29541930
29595936
29658397
29706400
29821412
29884959
29900723
29906599
30009053
30072259

28645554
28764445
28860442
28893419
29113984
29121353
29167928
29296317
29310825
29369139

29347586
29347795
29497314
29638782
29666998
29691679
29691892
29704804
29751146
29768792

27701261
27701517
27800999
27833880
27952272
28042445
28050024
28112831
28119363
28157749

27542595
27605277
27605474
27624738
27633482
27645352
27661901
27810160
27855071
27878670

31866871
31897281
32017846
32042207
32108619
32143899
32193627
32205432
32323602
32340310

31389289
31401473
31423125
31432045
31432663
31486153
31602747
31606837
31660346
31665056

30217665
30281366
30430400
30529114
30570439
30598879
30694563
30873276
30875030
30902032

29187280
29246716
29249909
29253758
29283092
29285443
29327622
29348629
29564843
29623903

28846118
28938377
28968378
28981544
28989856
29049560
29058750
29078106
29082893
29085450

28738150
28779816
28815899
28834909
28872139
28887969
28947529
29027253
29112532
29189490

28988200
29006751
29016065
29063381
29074151
29081643
29098896
29123294
29152819
29186755

28779995
28818520
28909291
28958200
29036189
29105230
29133267
29189683
29190755
29291790

29854211
29914634
29976121
29997139
30017454
30021152
30101194
30105008
30107760
30272628

29016817
29050833
29058955
29070985
29099300
29133700
29150621
29193669
29214355
29252706

29752714
29775513
29795654
29837676
29840542
29860289
29881888
30000221
30040007
30102721

30327808
30331752
30364576
30428605
30450255
30460202
30591058
30600393
30617808
30622380

31038228
31317545
31328471
31334428
31342415
31343427
31455713
31463494
31497903
31618766

29419002
29433423
29435697
29452940
29498222
29557473
29565005
29581993
29657633
29662838

29900895
29941486
29947605
29972265
29991042
30096401
30167175
30183449
30240113
30290644

30375723
30426920
30440650
30490988
30513710
30518878
30586571
30669128
30702694
30715344

30735644
30738909
30857526
30874375
31023810
31102981
31551845
31609833
31622929
31731666

29123109
29138070
29324032
29346885
29353341
29361552
29487536
29497237
29525732
29788209

29204929
29347401
29378234
29380305
29396024
29467337
29571099
29576032
29583952
29689555

27848518
27942886
27962336
28141348
28155683
28204786
28247699
28359258
28405771
28426277

29041907
29048023
29098045
29111963
29148766
29153038
29175967
29185857
29262039
29304891

30998380
31007792
31052130
31052390
31080147
31103751
31107225
31118280
31148908
31182129

31443754
31446773
31536593
31598891
31606096
31634110
31646199
31892783
31912967
32006900

30207719
30352429
30371019
30371324
30377445
30443773
30454870
30458754
30490919
30510159

29512961
29555034
29576213
29584615
29594934
29599578
29637681
29640194
29664111
29664214

29012511
29040881
29060092
29067752
29070717
29079629
29091885
29121418
29132896
29166749

32600402
32711326
32717361
32733678
32786576
32842182
32845027
32901500
32916616
32922738

33365144
33393171
33405525
33464121
33478643
33506653
33578644
33647126
33647611
33670474

30249199
30268084
30317289
30336374
30477579
30512410
30516784
30531746
30563241
30574644

31281688
31297007
31406920
31440242
31504746
31545242
31584198
31592542
31593817
31627816

29970926
30098676
30139688
30213461
30238836
30373226
30392571
30397188
30464226
30510129

30620526
30685457
30735172
30796579
30902329
30906960
30909685
30978803
31000226
31052234

28558719
28645733
28665370
28721172
28743703
28743962
28754703
28781985
28960303
28983021

30736203
30792418
30830034
30851878
30941286
31030109
31045815
31156613
31192408
31263118

31050554
31050640
31058265
31107379
31165987
31221523
31231363
31306631
31351528
31401884

31449565
31462479
31520766
31520805
31532381
31544913
31572314
31595006
31635784
31686021

30123755
30125876
30152297
30188985
30246860
30301286
30365373
30380679
30385818
30493709

30160529
30175003
30203254
30232922
30269966
30284640
30322692
30385439
30413850
30416660

30283490
30313406
30369595
30372856
30428556
30453106
30485334
30487508
30511386
30533052

30104040
30340685
30396036
30462317
30478033
30507689
30557570
30604652
30616491
30639727

30399080
30420851
30541610
30553669
30603837
30611376
30615064
30650288
30697338
30822458

32852940
32863340
32890854
32917608
32959873
32978552
33078373
33122363
33125297
33126628

32143143
32160095
32183522
32204616
32248663
32252768
32261359
32273602
32304256
32325580

30965881
30969104
31029178
31090072
31090212
31095341
31100275
31131672
31166876
31232192

28973462
29076254
29196714
29234080
29278984
29326798
29372815
29479814
29541127
29554616

32333174
32394126
32396258
32402877
32420219
32485572
32528538
32582087
32612468
32637703

30461622
30524670
30597550
30616656
30646750
30666740
30735769
30780528
30795619
30810856

30493397
30660334
30689506
30736043
30784863
30787126
30790866
30806177
30826687
30854669

30854696
30877135
30909310
30921155
30937941
31085802
31182046
31200435
31281076
31316949

33555103
33579488
33588995
33715187
33720505
33727737
33791913
33841589
33878379
33895750

32543093
32548518
32577023
32597461
32615598
32666985
32934363
32988209
33214742
33267407

31526668
31548668
31718128
31721264
31724285
31791455
31819773
31831226
31839391
31923584

31006842
31007067
31017871
31070336
31090303
31096454
31117736
31136278
31191429
31191430

31445224
31476026
31513133
31515693
31529777
31617035
31625314
31680741
31731809
31773525

32356567
32405475
32412408
32458836
32493907
32497059
32500096
32510901
32534085
32538689

31374569
31383962
31386254
31517280
31553195
31569187
31711125
31726942
31838755
31882260

32894850
32955853
32958096
32970385
32976691
33064859
33126546
33126894
33133449
33193645

32377781
32382642
32490573
32512383
32519808
32527393
32531545
32574735
32598679
32674103

30795653
30795968
30796460
30847064
30850686
30865698
30882103
30931278
30999813
31098915

33116213
33133895
33183145
33242213
33284723
33410631
33499245
33559542
33567355
33568858

31498916
31544402
31593979
31602484
31626064
31658300
31672090
31750992
31756718
31756719

28952949
28958811
28977379
29198488
29237810
29539176
29556625
29568613
29675774
29703652

33347936
33392124
33392414
33400585
33411882
33527431
33533450
33593430
33688862
33777606

32802907
33089520
33165342
33262467
33284913
33312913
33341866
33374192
33390506
33438769

30721521
30748320
30751584
30774471
30834468
30842889
30896557
30931277
30989864
31072242

32285942
32405503
32503576
32578766
32579292
32709194
32762367
32770455
32787486
32842627

33142004
33353808
33441803
33680909
33716015
33750252
33788830
33813512
33893263
33931363

31094191
31235923
31295766
31306060
31307429
31339950
31460669
31465869
31577534
31591059

30604384
30611399
30669334
30732717
30775500
30815650
30856213
30899949
30923198
31011250

30007769
30040693
30042268
30044441
30067265
30069169
30125860
30173658
30206269
30215047

30101517
30174695
30235851
30247783
30313974
30327380
30520945
30567006
30569201
30784021

34073051
34074773
34122627
34132191
34136027
34165907
34172141
34204858
34211844
34227598

31754695
31844324
31871536
31983458
32166433
32199335
32232099
32234500
32290565
32371709

32191485
32197211
32322005
32352991
32357298
32467693
32473246
32509292
32607972
32609927

31068641
31099499
31104096
31116844
31118247
31134740
31136509
31168967
31188474
31206558

32320315
32350414
32359362
32432064
32456864
32460397
32464796
32485914
32539385
32574583

33074114
33087564
33202751
33205624
33230338
33250919
33278332
33298663
33303824
33328216

31970242
32035380
32170934
32235342
32252040
32312283
32331087
32338766
32368316
32384897

32122289
32145520
32190981
32292540
32358998
32374050
32393635
32412905
32440001
32494103

34242897
34248808
34387004
34744524
34745713
34813878
34910584
34984752
35060867
35088029

32921655
32931325
32968281
32999735
33007415
33118597
33140614
33168834
33184560
33210937

32470915
32510026
32545262
32573739
32644408
32653316
32659418
32686626
32704974
32782188

30978263
31076247
31146194
31258370
31259632
31335654
31655114
31679406
31756359
31759714

33706787
33724121
33798445
33840378
33857566
33925806
34002983
34010060
34059190
34087033

32083111
32150941
32186796
32203912
32213395
32250481
32332373
32407511
32455558
32480915

33397282
33397652
33435963
33453318
33506201
33508463
33517615
33569347
33594115
33616515

33731856
33748924
33851295
33866412
33883643
33973509
33976780
34016732
34036962
34051376

31619239
31637529
31667720
31724012
31726532
31824946
31825608
31841197
31884540
32045129

31954221
31956395
31970221
32026564
32036084
32205136
32234833
32255731
32345141
32396664

32802416
32820901
33041679
33107929
33187025
33247505
33256847
33263843
33333286
33420457

35947669
36036407
36072430
36149247
36162759
36181155
36191644
36230575
36239910
36252107

33795104
33834394
33837351
33853268
33861198
33868017
33920017
34004486
34012543
34055956

33424359
33436848
33472275
33478442
33504693
33540615
33543206
33571961
33647188
33648612

32855167
33022165
33104973
33212751
33217439
33240902
33273661
33285106
33419274
33431638

33169829
33194925
33257468
33286185
33315100
33333277
33379811
33410452
33417620
33450621

33231097
33236889
33256481
33278832
33295336
33329893
33472173
33537388
33548075
33631747

34177292
34180782
34218977
34270779
34288175
34309286
34393153
34394038
34465669
34504047

33958259
33960432
34033258
34050099
34060972
34128277
34206752
34225036
34232736
34298775

33320866
33329846
33341236
33367400
33369397
33417986
33428687
33456915
33470938
33498795

32676240
32877878
32911784
32935571
33003990
33012866
33020563
33052263
33075035
33083030

35480556
35509725
35525806
35550229
35567978
35588956
35621750
35705161
35716273
35716925

32620307
32749776
32768659
32796042
32817764
32881651
32893062
32917861
32939122
33023502

33657688
33729834
33889780
34000843
34025923
34026037
34029218
34040557
34045436
34083727

34848997
34881604
34881881
34921816
34926976
34930225
35088826
35110745
35177742
35229191

34412630
34442801
34479048
34586103
34605088
34697479
34781995
34840158
34918946
34978098

36048783
36107110
36270720
36314777
36355879
36363082
36406113
36424357
36443370
36465730

33235544
33282550
33308176
33319780
33343585
33355562
33410876
33413300
33427706
33475820

33673814
33688474
33720978
33791217
33791302
34165364
34167125
34188164
34278266
34298194

33142117
33217405
33302716
33309731
33347659
33430126
33477561
33485263
33530384
33631635

33188481
33213789
33231567
33350045
33384350
33388467
33390164
33431481
33441710
33515919

35718238
35739458
35804807
35810448
35818899
35880766
35944737
35961163
35979194
36109577

34904473
34914785
34927652
34936211
34941196
34994385
35049585
35065292
35078425
35112468

33449657
33451143
33489560
33570809
33619237
33635286
33639814
33646238
33703382
33786592

33464060
33470250
33496949
33501720
33579626
33592593
33596939
33622993
33660868
33663201

34642904
34643191
34649363
34731757
34751538
34791923
34812560
34854494
34868934
34922753

34521683
34565835
34622224
34655293
34687866
34728332
34816235
34899101
34909485
34925762

37516762
37545745
37597171
37609260
37687775
37725184
37810781
37848678
37853484
37858180

34899253
34919902
35112547
35127538
35171430
35184343
35229389
35270366
35315502
35461821

36350732
36363897
36368751
36409219
36446765
36451007
36460514
36509468
36536146
36602505

35121834
35194718
35208142
35232817
35357831
35370526
35439298
35506960
35641172
35720786

34717928
34763740
34818834
34833955
34964521
34984795
34992738
35135700
35219152
35238192

33583574
33625001
33640798
33692654
33697145
33753247
33795567
33806998
33860653
33949584

35213637
35251316
35313599
35406545
35422928
35432485
35500346
35539807
35554644
35564295

34901053
34979584
35147467
35220182
35247127
35266184
35273467
35305303
35425470
35432888

34926120
34946633
34955235
34981509
34986816
34993147
35009774
35051860
35118376
35140303

36371222
36375232
36412712
36463791
36479045
36630624
36657277
36713555
36768263
36796161

35651564
35660937
35698353
35740807
35750853
35820639
35865068
36031166
36217365
36237852

35324859
35376611
35406832
35541461
35566801
35586129
35588773
35600524
35666722
35690037

32072658
32096218
32165759
32173204
32193322
32227455
32293626
32299402
32304620
32328465

33690750
33700224
33741471
33756364
33832933
33854475
33899480
33908340
33939934
33956718

33933690
33940601
33984844
33985945
34030108
34035116
34040796
34156007
34196995
34209443

34810890
34880484
34926612
34987032
35031316
35079685
35092789
35141053
35150721
35156795

34490175
34525248
34627262
34651514
34762306
34794148
34828263
34863143
34883674
34951126

34669930
34672649
34680068
34690974
34696911
34803247
34864675
34887803
34906379
34912164

36077963
36100716
36213545
36307238
36310346
36322310
36328726
36338329
36427990
36467925

35351251
35402456
35412531
35449507
35477449
35632078
35725210
35737584
35796977
35822022

33020035
33045747
33113329
33132594
33183827
33202228
33241736
33316307
33316331
33389960

36095081
36102627
36125217
36208173
36292154
36296819
36308734
36390542
36409112
36428455

35798087
35969460
36093780
36122079
36215323
36246367
36263605
36278748
36321322
36338986

34820930
34832819
34883567
34884368
34901471
34919614
34928198
34928826
34949244
35113460

33227872
33261323
33263622
33276829
33301624
33325733
33385466
33389606
33415460
33415469

37882044
37894322
37983005
38003556
38016631
38027601
38115372
38125579
38202141
38202296

33846431
33941998
34004535
34083647
34098342
34123007
34211141
34243665
34307500
34327784

34473347
34531710
34587327
34711131
34885648
35026542
35040424
35043650
35067629
35130685

36500713
36534553
36552021
36578728
36642296
36650521
36687400
36719722
36721477
36744873

35141241
35151477
35158165
35202785
35220385
35429972
35440436
35514642
35570754
35821075

34275576
34307136
34455209
34456445
34471561
34594933
34610204
34625531
34644134
34659223

36177331
36207443
36212583
36239251
36248633
36281781
36295516
36300658
36336634
36352377

35030167
35067472
35079139
35090497
35100060
35105474
35184179
35242354
35249115
35360256

36188126
36194337
36251721
36252204
36292897
36368555
36379753
36386144
36407877
36507917

36218864
36220542
36293869
36306611
36355698
36387109
36415301
36439055
36507379
36574863

36763352
36847541
36848617
36868264
36978886
36978985
37002661
37054806
37091504
37098123

35193487
35219985
35299400
35320795
35323723
35333253
35442303
35444543
35467561
35470963

37496095
37578185
37583552
37622508
37807724
37814468
37825040
37915804
38082401
38112116

35877321
35894722
36132785
36134603
36158628
36171349
36182720
36246177
36251104
36265776

33325196
33349584
33368931
33394124
33422043
33455710
33488674
33499149
33632107
33657722

35750752
35790790
35799029
35804546
35812113
35843434
35845970
35911494
35927240
35982006

35275794
35326194
35346405
35441738
35501327
35588839
35595337
35613058
35623251
35652381

35921658
35984068
36035613
36057069
36098251
36145126
36252747
36261611
36297985
36326648

37757903
37773917
37786877
37818083
37851482
37927988
38013425
38196636
38222195
38271442

34811413
34819012
34915069
35042700
35061118
35093576
35116126
35185333
35226250
35294738

36099324
36148981
36196214
36308517
36338239
36370055
36492811
36554873
36557906
36559186

35716039
35729922
35732309
35735648
35776824
35779243
35826991
35830207
35864177
35975294

34036978
34187948
34206588
34211676
34212353
34234003
34320941
34397204
34403105
34414141

33661447
33682438
33690076
33713625
33718133
33753766
33755014
33795425
33836425
33856279

37383097
37436852
37459558
37466429
37551385
37614430
37623075
37713661
37724858
37782826

35195111
35212922
35268725
35332638
35423728
35471189
35544634
35575291
35590695
35591130

36655806
36738314
36770738
36799226
36857637
36868819
36929298
36945896
36954919
36992041

34982629
34997685
35004516
35036682
35082249
35089068
35169654
35206762
35283750
35303376

35971333
35976326
36037833
36104993
36128921
36143307
36229677
36312597
36340191
36379965

37951069
37959342
37990892
38006058
38066037
38102581
38116103
38172619
38204457
38210920

36437144
36536215
36536452
36594931
36638344
36660779
36669165
36684770
36685156
36735048

37515495
37551656
37572304
37609775
37635491
37660596
37711456
37716396
37770781
37779284

38474302
38571848
38629748
38634703
38640008
38648242
38670688
38687207
38701129
38702400

37545552
37562515
37582044
37611972
37629019
37671606
37759926
37782818
37803474
37820698

38344872
38353915
38373168
38391340
38459100
38472863
38520432
38526904
38570635
38604538

39332999
39340089
39352754
39359301
39483661
39577267
39614128
39621083
39634317
39635169

37021483
37068359
37073746
37109690
37110919
37115206
37142286
37146198
37186812
37252339

37001841
37023437
37172710
37176260
37211323
37261547
37315327
37348713
37360870
37392546

36431715
36543224
36566692
36585377
36636708
36674404
36750176
36761976
36904712
36942165

35119999
35191386
35212814
35250660
35278001
35296138
35306018
35345693
35370894
35430044

38647153
38660736
38768714
38870484
38891820
38903583
39049082
39051943
39090614
39104151

36528702
36531017
36577387
36624628
36633177
36637268
36661705
36689572
36716620
36804737

35963549
36137582
36191978
36195680
36216180
36291339
36328533
36333107
36395122
36423389

36003687
36120686
36139958
36190759
36280492
36309405
36380277
36383735
36478384
36488096

38998749
39002489
39002996
39054377
39058377
39087899
39165179
39187629
39272645
39336316

37618760
37672283
37724661
37752486
37794531
37879648
38083632
38120377
38130241
38131822

35988242
36004673
36076432
36115418
36183665
36207539
36291903
36416266
36424053
36461930

36433957
36441019
36441753
36520839
36535249
36543679
36546701
36597242
36600616
36656488

36508233
36520166
36560683
36615333
36628541
36673782
36708718
36712866
36717497
36728689

36976452
36992074
37022204
37030548
37031467
37083121
37089522
37102745
37117696
37179052

38683747
38689716
38725691
38728025
38744774
38838147
38867524
38873744
38935218
38943132

35982508
36020256
36193571
36230138
36254576
36257071
36281695
36399843
36424042
36445138

36118768
36124375
36209515
36241097
36374840
36417880
36484594
36495617
36517986
36535917

34429519
34569867
34638900
34719177
34767019
34883836
34892908
34950612
35006113
35027534

38724537
38735411
38780578
38799198
38802967
38868076
38873577
38945189
38959445
38984718

37890424
37924641
38014555
38044408
38060288
38138391
38148615
38195109
38244579
38566887

36468443
36493126
36499869
36506954
36557865
36646685
36656692
36662939
36715448
36744027

36598945
36616979
36619836
36637302
36750147
36779597
36795649
36806192
36901287
36915575

38305019
38348168
38354359
38432451
38434844
38441739
38463763
38481271
38530614
38552182

36913585
36931895
36937507
36988279
36988859
37012324
37036291
37055476
37068963
37100890

37058761
37081882
37108261
37165575
37184417
37214584
37262099
37386612
37414974
37416734

37669068
37685152
37694787
37722537
37724681
37768058
38114019
38157210
38192580
38193628

36384452
36409983
36438326
36535937
36716508
36723792
36751074
36756205
36943059
37037281

37826615
37853331
37866324
37878686
37889642
38052852
38056504
38095725
38188628
38331079

36967146
36985535
36996949
36997389
37026003
37136296
37202093
37253164
37256443
37295983

38190079
38230400
38271570
38433631
38531659
38585670
38652686
38679957
38721497
38733031

40759488
40831472
40841032
40853442
40905889
41039330
41153775
41178121
41237870
41240225

36958788
37021078
37026403
37071473
37151472
37189815
37246208
37289045
37329250
37332666

37604454
37609042
37623669
37645166
37670821
37676481
37677689
37690755
37702804
37725254

38681356
38731687
38909584
38917237
39000698
39001356
39008739
39021462
39076956
39138665

40254872
40254987
40317227
40365297
40367670
40389642
40421746
40465723
40530860
40649976

38241560
38383253
38473059
38477288
38489576
38506551
38508577
38689131
38790230
38790238

41789089
41854503
41966331
42030540
42038622
42065064
42145570
42269529
42290499
42321593

37264319
37277891
37297844
37305641
37342391
37362293
37391384
37429587
37718133
37730387

39346446
39347289
39370194
39379617
39456286
39525706
39570102
39588917
39602408
39701871

38316190
38341268
38414405
38490668
38514688
38517857
38525454
38546054
38586336
38691295

38075037
38076920
38078228
38090025
38131549
38169588
38221121
38227048
38233285
38263807

38287634
38298020
38324849
38351579
38374655
38389378
38392762
38410954
38429077
38447460

37875515
38001525
38048573
38076786
38114525
38117485
38117642
38150690
38152763
38155889

36149346
36181058
36322794
36328568
36342598
36348400
36359375
36377484
36472996
36504069

37617455
37651847
37672131
37687171
37759918
37773395
37844881
37869405
37959739
38012575

37652193
37656539
37660770
37661775
37675719
37759227
37763735
37768599
37846018
37896448

39095644
39120334
39124541
39126214
39158811
39192106
39197347
39235159
39271322
39336013

38908763
38916602
38919592
38989086
39002507
39047253
39047895
39120170
39122113
39170858

39575992
39595844
39625591
39649811
39702249
39781331
39781564
39816596
39816842
39901833

38956864
38998763
39011479
39064025
39085234
39117052
39289948
39307052
39312123
39358258

42472891
42480536
42507147
42554131
42626693
42659131
42672643
42706847
42730548
42836741

38574112
38578076
38589111
38618444
38634387
38651147
38668533
38712559
38806067
38866259

36174393
36179008
36202212
36272711
36295044
36325480
36329635
36347224
36369796
36380900

39770139
39771047
39806398
39853958
39875844
39925433
40016796
40050372
40082650
40189598

37503068
37509410
37514633
37520237
37538180
37608211
37655684
37661814
37789821
37812496

37093416
37206619
37327684
37370752
37373992
37418120
37477062
37597851
37604494
37616584

41656070
41685725
41694306
41713066
41715889
41734883
41834226
41877597
41978518
42020420

38149600
38151242
38159442
38170469
38202327
38250111
38261310
38263818
38295424
38331147

40718686
40719093
40792613
40815736
40846883
40870391
40875487
40908596
40926978
40937383

41814971
41863249
41897864
42108944
42281196
42335307
42344777
42409183
42533707
42566406

38670533
38852779
38869185
38956075
39073851
39074957
39093637
39129255
39198002
39244675

41745450
41795891
41806554
41810058
41855232
41968470
42019664
42064138
42072659
42072742

38052944
38106334
38123415
38411164
38412482
38417352
38469522
38485735
38508381
38531064

40100517
40165816
40269586
40289636
40300117
40327391
40328825
40358925
40412121
40466065

40201815
40240546
40270127
40290202
40323603
40342746
40381378
40398197
40420154
40426737

36668694
36701094
36728719
36838722
36876958
36890686
36899124
36951582
36966134
36996284

39654994
39749216
39790672
39805526
39954586
39957816
39997696
40005569
40054452
40192254

39976213
39999416
40075692
40124283
40133647
40177720
40185152
40194055
40383453
40393057

38830725
38874148
38952741
38982142
39005566
39204206
39211062
39248268
39269099
39287620

38675053
38718632
38812004
38911874
38921406
38946364
38969698
39020143
39157866
39165528

40032110
40248456
40269719
40273126
40291988
40351776
40478401
40508898
40509369
40510226

37974985
37985294
38030814
38037036
38043237
38061974
38094816
38220446
38223150
38234514

39730717
39737244
39776909
39809453
39838651
39841236
39887474
39895307
39937185
39944918

43268406
43289315
43292906
43294693
43325424
43402745
43558209
43619580
43638248
43652620

40326769
40355404
40374320
40408304
40409938
40488907
40516143
40536361
40551470
40626113

40408649
40426214
40462766
40504541
40514270
40526771
40658704
40739546
40741734
40876359

38985355
39075883
39090953
39105296
39238385
39263958
39350915
39371920
39385550
39421084

40646204
40656511
40683253
40719716
40755807
40773267
40855467
40967982
40969876
41065807

40477471
40496031
40516814
40557726
40574790
40600839
40608341
40732875
40755232
40858467

39754826
39770544
39855913
39906551
39979003
39992919
40104573
40139427
40142027
40175872

40485247
40502345
40660983
40672174
40733056
40777704
40783389
40821743
40929095
40973103

40580887
40591743
40596790
40614416
40635927
40664721
40673525
40693976
40713453
40782528

38930645
39089329
39137260
39143513
39167199
39227401
39235844
39420396
39421369
39452670

40308899
40331454
40383407
40547080
40550582
40552536
40571491
40731423
40770255
40801399

40858818
40883911
40896959
40897926
41013775
41071994
41092913
41247551
41303031
41340536

42386168
42388865
42403265
42513495
42548266
42586481
42596706
42640191
42750642
42778217

37696629
37702558
37703352
37714164
37715415
37788000
37804796
37839123
37904553
37956706

40180696
40236307
40295642
40675369
40684358
40705503
40766482
40785474
40828094
40829801

42502546
42507071
42574140
42582913
42603070
42613961
42692783
42695044
42801655
42824061

42918989
42934422
42938866
42975938
43034440
43114319
43206961
43309448
43336171
43370001

39932485
40008756
40019688
40089614
40114644
40152474
40166498
40180372
40181940
40337953

39630226
39633547
39728145
39773627
39797647
39808236
39810151
39974987
40048643
40092057

41386481
41578879
41606939
41760361
41768460
41833962
41908595
41922023
41950043
41963027

40765134
40780224
40823075
40909580
40965661
40974410
40978670
41044567
41083757
41101443

41207036
41311312
41504729
41542338
41550420
41551448
41591509
41595760
41641359
41672175

40477779
40515345
40561244
40570807
40634749
40728675
40757415
40758309
40807613
40859626

40848021
40863109
40863736
40868465
40878342
40888207
40957476
41106306
41108658
41242730

40908678
40924927
40949461
40991694
40993067
40995256
41013398
41058738
41201639
41311543

41186089
41197443
41209544
41229800
41248986
41311144
41361505
41464167
41496080
41508353

41216247
41244927
41250121
41297094
41319227
41328094
41354983
41360746
41390446
41412996

40025068
40108750
40222766
40231192
40246151
40256247
40303660
40359030
40359268
40380803

41581941
41589734
41590580
41653780
41663799
41679140
41681690
41696446
41699321
41835424

40640530
40668953
40677361
40714225
40733290
40775012
40937597
41046984
41055350
41256988

43125527
43152896
43192764
43249533
43255107
43390682
43394831
43459347
43468808
43503950

41282359
41285547
41406681
41420608
41455486
41458598
41519381
41581889
41599514
41642993

41013870
41035707
41078837
41085764
41193348
41258591
41262622
41320452
41356931
41416738

43021570
43056339
43117296
43119285
43136819
43229766
43237767
43245641
43276679
43302349

41829486
42110558
42176753
42209573
42250741
42286194
42288996
42368818
42454138
42623655

44510692
44544656
44548480
44656407
44673041
44708182
44710027
44783092
44934186
44944479

40669054
40674684
40789442
40790307
40843733
40875752
40923919
40924651
40943928
40950270

42882259
42887494
42954313
42973057
43014132
43017898
43035955
43057625
43088191
43104266

40271875
40285339
40295192
40310213
40310953
40314792
40329045
40351564
40382340
40481582

41996775
42071065
42102928
42116755
42172320
42324873
42473789
42490243
42533565
42581893

42452604
42456706
42480026
42489480
42535700
42546416
42550729
42609623
42686441
42751825

42184814
42201003
42259451
42372789
42407642
42438899
42562237
42597984
42731793
42828668

43008286
43052074
43092321
43109936
43126628
43309778
43311559
43317994
43456678
43473962

41461858
41476500
41631375
41691633
41699089
41788980
41822477
41829090
41978782
42008041

41770344
41835714
41844735
41885330
41953264
41953779
41996078
42005411
42012282
42035128

42246719
42265971
42284640
42289953
42319084
42342787
42388881
42529707
42579021
42593714

42790284
42821650
42832849
43034443
43066590
43084658
43108920
43112698
43153637
43219369

39468861
39486448
39492385
39611165
39676721
39702673
39707269
39736833
39744972
39768829

40315614
40371262
40417751
40422025
40532168
40541685
40630614
40636859
40756973
40773509

44312860
44340383
44367853
44409476
44416636
44457153
44464503
44489934
44497348
44508436

41220130
41396762
41408743
41430955
41471285
41483065
41484045
41562503
41644925
41689754

41586174
41612148
41629930
41830116
41913675
41928788
41991564
42010635
42027919
42059402

44188210
44239528
44251687
44259497
44354724
44413394
44427897
44439425
44446366
44646309

41844835
41907423
41973824
42019115
42112253
42130900
42157730
42167624
42296800
42359431

41768071
41768708
41786145
41833636
41833700
41903775
41910918
41912419
41932449
41962392

41440079
41449600
41515610
41560594
41634576
41785902
41806422
41811973
41848487
41922246

40422132
40422318
40446110
40452565
40481947
40576078
40619670
40661416
40826048
40854001

41709528
41801617
41831647
41844858
41848591
41903915
42007113
42009648
42016185
42142967

43543954
43645869
43652667
43672746
43676523
43789826
43817174
43878517
44097806
44097992

43751385
43770342
43812498
43895506
43896204
43926789
43948833
44027541
44066457
44098787

43303350
43342044
43343798
43405585
43422399
43457198
43547524
43573724
43624654
43646008

43647386
43681535
43740534
43759715
43785665
43886721
43930165
43948705
43969927
43998573

43606109
43619786
43626534
43692952
43769659
43817216
43823305
43861883
43901326
43963846

43938796
43950689
44023428
44028976
44180503
44187674
44187726
44236413
44320119
44405350

41419552
41514564
41520176
41607941
41635592
41652614
41765429
41774469
41878437
41891938

40975399
40977703
41018005
41062827
41071778
41094014
41112659
41116712
41117768
41214614

